-32,-42,-20
-30,-32,-18
-36,-62,-16
-24,-54,-8
-24,-72,-10
-36,-82,-16
-18,-38,-12
-46,-70,-8
-16,-86,-16
-12,-62,-4
-6,-76,-6
-24,-96,-12
-14,-44,-6
-42,-86,-4
-8,-98,-8
-14,-56,2
-46,-74,6
-4,-88,2
-24,-96,6
-14,-48,4
-8,-74,10
-18,-64,6
-40,-84,14
-10,-96,18
-2,-84,24
-12,-72,20
-26,-84,22
-32,-84,26
-16,-88,34
-12,-82,36
-22,-78,44
-50,-10,0
-56,-22,8
-36,-24,10
-38,-8,12
-36,-26,18
-58,-36,16
-40,-36,14
-48,-12,14
-60,-2,10
-48,-24,18
-62,-18,20
-60,-2,24
-62,-10,32
-54,-8,30
-54,-20,40
-52,-6,44
-48,-16,40
-8,-16,48
-40,-14,48
-48,-18,54
-48,-30,58
-38,-24,52
-8,-38,54
-4,-24,56
-4,-8,60
-36,-20,64
-30,-46,62
-32,-30,62
-30,-38,66
-24,-10,64
-20,-24,66
-8,-42,70
-4,-26,68
-14,-12,72
-18,-32,68
-18,-40,72
-12,-26,74
-44,-42,-22
-48,-56,-16
-56,-62,0
-48,-66,16
-26,-70,30
-54,-32,44
-22,-66,46
-46,-30,44
-34,-46,40
-28,-58,50
-38,-38,50
-36,-52,56
-14,-70,58
-28,-62,62
-8,-58,64
-20,-56,66
-14,-50,72
-40,-2,52
-26,0,56
-30,-8,52
-22,6,64
-50,6,26
-50,2,38
-54,-32,22
-58,-44,28
-62,-24,32
-62,-36,34
-58,-54,10
-44,6,-16
-38,2,-4
-32,24,0
-40,-14,-2
-32,18,8
-36,4,10
-44,12,2
-50,2,4
-52,8,14
-28,44,30
-6,22,32
-6,0,40
-12,-28,42
-6,10,48
-12,-42,48
-6,-48,56
-8,-2,70
-24,22,-20
-44,12,-34
-32,12,-30
-28,-74,42
-58,-42,46
-54,-50,44
-34,-62,48
-42,-52,48
-44,-42,46
-60,-48,-10
-42,48,-6
-48,36,10
-38,50,10
-28,56,12
-42,38,22
-44,20,26
-40,8,34
-36,32,38
-34,16,-8
-10,-78,46
-4,-64,52
-4,6,28
-4,-22,30
-4,28,48
-54,-2,-30
-56,-8,-14
-52,6,-12
-60,-34,-4
-52,-22,-6
-60,-12,-2
-62,-32,6
-52,-44,4
-58,-48,16
-46,-58,20
-40,-78,30
-48,-64,32
-56,-54,30
-42,-72,44
-48,-60,46
-36,22,-16
-36,36,-12
-4,56,-10
-6,36,-8
-46,32,-10
-28,58,0
-48,28,0
-6,60,6
-6,44,6
-54,20,12
-16,68,8
-6,34,20
-4,52,28
-14,58,30
-22,50,32
-24,28,44
-40,20,48
-8,42,52
-18,36,48
-42,8,48
-30,14,58
-22,20,52
-12,24,60
-6,10,64
-8,-52,10
-14,-60,18
-4,-54,20
-6,-40,24
-10,-70,32
-6,-60,30
-8,-44,32
-4,-34,38
-2,-16,38
-2,-68,42
-6,-50,42
-11,12,-6
-23,3,0
-19,0,1
-11,-18,-6
34,-36,-24
30,-30,-18
36,-54,-18
38,-74,-16
26,-52,-8
24,-74,-10
18,-36,-12
20,-88,-12
50,-64,-10
42,-84,-12
10,-72,-6
14,-58,-4
26,-96,-10
18,-44,-2
8,-92,-2
48,-66,4
14,-46,4
36,-88,2
10,-74,8
22,-60,6
24,-98,8
44,-78,10
12,-94,18
16,-66,18
4,-80,24
28,-88,20
36,-78,24
14,-78,34
16,-86,36
30,-78,36
52,4,-6
62,-18,0
54,-14,6
40,-20,4
38,-8,14
34,-22,14
60,-24,10
64,-34,10
42,-14,18
42,-30,18
50,-10,14
60,0,10
48,-22,18
62,-12,16
60,6,30
60,-6,26
62,-14,30
52,-6,38
54,-16,40
12,-18,42
52,-12,50
44,-10,48
50,-26,56
6,-10,52
44,-22,54
38,-20,64
32,-34,64
30,-40,64
34,-28,62
4,-24,58
28,-10,64
10,-40,68
22,-24,66
22,-28,68
22,-34,70
16,-6,70
16,-46,74
6,-22,72
16,-18,74
12,-32,76
50,-50,-18
60,-54,-2
54,-56,12
46,-76,30
32,-66,36
58,-22,44
18,-78,50
44,-38,50
46,-28,42
30,-64,52
36,-44,44
20,-68,52
36,-36,52
34,-50,54
8,-72,52
26,-58,60
8,-54,60
14,-64,64
24,-50,68
40,-4,52
28,-4,52
24,-2,64
48,8,24
60,-46,6
52,-40,12
62,-40,22
58,-32,24
60,-22,22
62,-26,38
62,-38,36
52,4,40
40,6,-16
40,8,-2
40,-10,-4
40,-2,6
36,22,4
38,8,10
48,4,4
54,12,12
32,44,28
8,18,36
8,2,42
12,-34,42
6,10,58
10,-44,54
10,-32,50
6,-2,66
16,6,70
28,12,-30
54,-52,44
56,-40,48
36,-70,46
54,-32,52
46,-44,46
42,-56,48
64,-42,-10
34,22,-8
42,50,-6
28,60,2
50,40,6
42,46,14
50,30,18
48,18,24
26,54,24
48,28,28
38,10,34
38,34,38
44,18,44
42,6,50
34,16,56
24,10,58
14,-72,40
6,-64,44
6,-28,28
4,2,30
8,34,24
4,28,48
54,-46,20
48,-64,22
54,-54,26
56,-46,32
48,-64,42
50,8,-32
48,16,-20
54,-4,-14
64,-24,-8
48,-20,-8
64,-38,0
50,-34,2
34,22,-18
36,38,-14
48,32,-8
54,24,6
6,42,-10
10,66,0
8,42,4
8,54,12
18,64,16
6,26,18
6,58,30
16,52,36
4,44,40
26,34,38
14,38,52
24,26,50
12,20,62
12,-56,16
8,-44,20
16,-64,28
6,-52,24
4,-64,32
6,-38,34
4,-20,36
10,-52,36
8,-50,44
14,13,-7
26,4,-1
22,0,0
12,-18,-6
